NACA 63(3)-618
    1.000000       0.000000    
   0.9929075      0.1899257E-02
   0.9840277      0.4254778E-02
   0.9742888      0.6809591E-02
   0.9635939      0.9580850E-02
   0.9518985      0.1257034E-01
   0.9392756      0.1575160E-01
   0.9259359      0.1908251E-01
   0.9121320      0.2252461E-01
   0.8980472      0.2606313E-01
   0.8837268      0.2970620E-01
   0.8691593      0.3344453E-01
   0.8543604      0.3725575E-01
   0.8393856      0.4110724E-01
   0.8243171      0.4497161E-01
   0.8092304      0.4882923E-01
   0.7941829      0.5266497E-01
   0.7792113      0.5646302E-01
   0.7643332      0.6020665E-01
   0.7495505      0.6388350E-01
   0.7348525      0.6748613E-01
   0.7202262      0.7101117E-01
   0.7056619      0.7445504E-01
   0.6911530      0.7781355E-01
   0.6766964      0.8108255E-01
   0.6622921      0.8425767E-01
   0.6479430      0.8733408E-01
   0.6336540      0.9030607E-01
   0.6194276      0.9316728E-01
   0.6052621      0.9591232E-01
   0.5911519      0.9853686E-01
   0.5770904      0.1010380    
   0.5630746      0.1034130    
   0.5491048      0.1056586    
   0.5351846      0.1077705    
   0.5213192      0.1097438    
   0.5075129      0.1115733    
   0.4937701      0.1132544    
   0.4800939      0.1147827    
   0.4664848      0.1161537    
   0.4529390      0.1173634    
   0.4394493      0.1184082    
   0.4260096      0.1192855    
   0.4126215      0.1199926    
   0.3992947      0.1205267    
   0.3860458      0.1208848    
   0.3728873      0.1210615    
   0.3598136      0.1210512    
   0.3468019      0.1208476    
   0.3338142      0.1204458    
   0.3208170      0.1198486    
   0.3077979      0.1190609    
   0.2947680      0.1180883    
   0.2817590      0.1169365    
   0.2688058      0.1156059    
   0.2559311      0.1140959    
   0.2431452      0.1124055    
   0.2304488      0.1105332    
   0.2178464      0.1084791    
   0.2053534      0.1062456    
   0.1929952      0.1038379    
   0.1808053      0.1012635    
   0.1688206      0.9852928E-01
   0.1570763      0.9564412E-01
   0.1456043      0.9261892E-01
   0.1344338      0.8946540E-01
   0.1236119      0.8619597E-01
   0.1132117      0.8283441E-01
   0.1033133      0.7941561E-01
   0.9398394E-01  0.7597945E-01
   0.8526689E-01  0.7256350E-01
   0.7718969E-01  0.6919894E-01
   0.6976201E-01  0.6591483E-01
   0.6296926E-01  0.6273344E-01
   0.5677644E-01  0.5966401E-01
   0.5113185E-01  0.5670639E-01
   0.4597758E-01  0.5385582E-01
   0.4125739E-01  0.5110528E-01
   0.3692616E-01  0.4844791E-01
   0.3295401E-01  0.4588244E-01
   0.2931666E-01  0.4341124E-01
   0.2599003E-01  0.4103656E-01
   0.2294896E-01  0.3875902E-01
   0.2016763E-01  0.3657724E-01
   0.1762227E-01  0.3448688E-01
   0.1530015E-01  0.3247396E-01
   0.1318862E-01  0.3052209E-01
   0.1127234E-01  0.2861720E-01
   0.9535827E-02  0.2674757E-01
   0.7964673E-02  0.2490346E-01
   0.6544084E-02  0.2307960E-01
   0.5255095E-02  0.2128278E-01
   0.4081652E-02  0.1952245E-01
   0.3012442E-02  0.1780591E-01
   0.2060340E-02  0.1611640E-01
   0.1249771E-02  0.1441997E-01
   0.5878346E-03  0.1270375E-01
   0.6751525E-04  0.1097838E-01
  -0.3165876E-03  0.9253215E-02
  -0.5674889E-03  0.7535491E-02
  -0.6859155E-03  0.5830977E-02
  -0.6702526E-03  0.4144447E-02
  -0.5163196E-03  0.2480035E-02
  -0.2169211E-03  0.8415357E-03
   0.2385259E-03 -0.7675696E-03
   0.8549547E-03 -0.2349540E-02
   0.1629967E-02 -0.3911791E-02
   0.2562706E-02 -0.5460487E-02
   0.3653377E-02 -0.7000185E-02
   0.4901895E-02 -0.8533468E-02
   0.6305753E-02 -0.1006012E-01
   0.7856555E-02 -0.1157570E-01
   0.9536995E-02 -0.1307069E-01
   0.1134633E-01 -0.1454589E-01
   0.1330507E-01 -0.1601475E-01
   0.1542979E-01 -0.1747492E-01
   0.1773671E-01 -0.1891637E-01
   0.2024511E-01 -0.2033344E-01
   0.2297758E-01 -0.2173321E-01
   0.2595901E-01 -0.2312721E-01
   0.2921484E-01 -0.2453183E-01
   0.3276794E-01 -0.2596862E-01
   0.3664744E-01 -0.2744739E-01
   0.4088985E-01 -0.2896699E-01
   0.4553230E-01 -0.3052510E-01
   0.5061215E-01 -0.3211915E-01
   0.5617030E-01 -0.3374845E-01
   0.6226185E-01 -0.3541627E-01
   0.6895962E-01 -0.3712407E-01
   0.7633814E-01 -0.3887078E-01
   0.8445917E-01 -0.4065292E-01
   0.9335605E-01 -0.4245788E-01
   0.1030285     -0.4426025E-01
   0.1134505     -0.4603306E-01
   0.1245806     -0.4775241E-01
   0.1363404     -0.4939665E-01
   0.1486172     -0.5094983E-01
   0.1612892     -0.5240568E-01
   0.1742542     -0.5375646E-01
   0.1874311     -0.5498562E-01
   0.2007609     -0.5608065E-01
   0.2142152     -0.5703389E-01
   0.2277889     -0.5784515E-01
   0.2414756     -0.5851789E-01
   0.2552620     -0.5905586E-01
   0.2691272     -0.5946214E-01
   0.2830436     -0.5973643E-01
   0.2969769     -0.5987853E-01
   0.3108865     -0.5988926E-01
   0.3247357     -0.5976482E-01
   0.3385162     -0.5949655E-01
   0.3522552     -0.5907487E-01
   0.3660116     -0.5849125E-01
   0.3798476     -0.5775063E-01
   0.3937968     -0.5686203E-01
   0.4078577     -0.5583637E-01
   0.4220000     -0.5468277E-01
   0.4361991     -0.5340537E-01
   0.4504504     -0.5200677E-01
   0.4647705     -0.5048850E-01
   0.4791827     -0.4885512E-01
   0.4936996     -0.4711340E-01
   0.5083197     -0.4527194E-01
   0.5230316     -0.4333913E-01
   0.5378276     -0.4132177E-01
   0.5527081     -0.3922584E-01
   0.5676810     -0.3705728E-01
   0.5827540     -0.3482388E-01
   0.5979278     -0.3253499E-01
   0.6131953     -0.3020110E-01
   0.6285401     -0.2783223E-01
   0.6439346     -0.2543969E-01
   0.6593405     -0.2303703E-01
   0.6747139     -0.2064105E-01
   0.6900140     -0.1826921E-01
   0.7052054     -0.1593777E-01
   0.7202618     -0.1366275E-01
   0.7351736     -0.1145873E-01
   0.7499493     -0.9336852E-02
   0.7646096     -0.7304857E-02
   0.7791606     -0.5369174E-02
   0.7935782     -0.3539210E-02
   0.8078115     -0.1827141E-02
   0.8218103     -0.2515098E-03
   0.8355670      0.1171394E-02
   0.8491161      0.2431330E-02
   0.8625184      0.3523976E-02
   0.8757957      0.4453143E-02
   0.8888818      0.5219830E-02
   0.9016390      0.5824891E-02
   0.9139028      0.6253680E-02
   0.9255707      0.6463736E-02
   0.9366274      0.6428929E-02
   0.9471088      0.6137506E-02
   0.9570739      0.5587737E-02
   0.9665867      0.4801869E-02
   0.9757019      0.3808266E-02
   0.9844639      0.2630084E-02
   0.9929094      0.1286465E-02
    1.000000       0.000000    
