NACA 63(3)-618
    1.000000       0.000000    
   0.9504596      0.1176340E-01
   0.9009726      0.2203533E-01
   0.8513658      0.3204660E-01
   0.8016230      0.4174927E-01
   0.7516966      0.5108901E-01
   0.7015993      0.5984521E-01
   0.6513132      0.6785223E-01
   0.6008705      0.7496476E-01
   0.5502628      0.8099507E-01
   0.4995321      0.8578918E-01
   0.4486902      0.8915713E-01
   0.3977691      0.9088468E-01
   0.3468109      0.9076820E-01
   0.2958774      0.8853876E-01
   0.2449876      0.8424125E-01
   0.1942222      0.7769658E-01
   0.1436232      0.6864725E-01
   0.9332459E-01  0.5640486E-01
   0.6838142E-01  0.4863804E-01
   0.4368975E-01  0.3923228E-01
   0.1948770E-01  0.2714747E-01
   0.7865302E-02  0.1918373E-01
   0.3537312E-02  0.1488368E-01
   0.1508376E-02  0.1250829E-01
   0.3691079E-04  0.2573852E-02
   0.8553523E-02 -0.5410272E-02
   0.1152016E-01 -0.6951835E-02
   0.1718705E-01 -0.9332956E-02
   0.3055636E-01 -0.1300229E-01
   0.5634622E-01 -0.1778106E-01
   0.8164870E-01 -0.2106380E-01
   0.1067007     -0.2356527E-01
   0.1563945     -0.2692356E-01
   0.2057894     -0.2902882E-01
   0.2550191     -0.2999088E-01
   0.3041253     -0.2998436E-01
   0.3531886     -0.2901011E-01
   0.4022284     -0.2687667E-01
   0.4513066     -0.2382007E-01
   0.5004650     -0.2000675E-01
   0.5497351     -0.1566458E-01
   0.5991287     -0.1100479E-01
   0.6486873     -0.6263444E-02
   0.6984023     -0.1642643E-02
   0.7483057      0.2574422E-02
   0.7983795      0.6030810E-02
   0.8486362      0.8377817E-02
   0.8990288      0.9030834E-02
   0.9495409      0.7209289E-02
    1.000000       0.000000    
